2	1.1071394529e-03
3	1.7066677174e-06
4	9.7523843579e-07
5	9.7523843579e-07
6	1.2190484995e-06
7	1.4628576537e-06
8	1.4628576537e-06
9	1.7066668079e-06
10	2.1942869353e-06
11	2.6819052437e-06
12	2.1942869353e-06
13	2.4380960895e-06
14	2.9257153074e-06
15	2.6819052437e-06
16	2.9257153074e-06
17	4.8761921789e-06
18	5.3638113968e-06
19	7.0704791142e-06
20	6.0952406784e-06
21	5.6076205510e-06
22	7.8019074863e-06
23	6.5828598963e-06
24	7.8019074863e-06
25	8.5333367679e-06
26	9.5085742942e-06
27	1.0727622794e-05
28	1.1702862139e-05
29	1.0483812730e-05
30	1.1459052075e-05
31	1.1215242921e-05
32	1.6091434190e-05
33	1.4140957319e-05
34	1.4140957319e-05
35	1.4628576537e-05
36	1.5847625036e-05
37	1.7554292754e-05
38	1.8285721126e-05
39	1.8773339434e-05
40	2.3893342586e-05
41	2.3405723368e-05
42	2.4868581022e-05
43	2.4868580113e-05
44	2.9988582355e-05
45	3.0476201573e-05
46	3.1939059227e-05
47	3.2914297663e-05
48	3.3889536098e-05
49	3.8765728277e-05
50	4.0228586840e-05
51	4.1935253648e-05
52	4.3154302148e-05
53	4.9249541917e-05
54	5.0956208725e-05
55	5.2419066378e-05
56	5.4369544159e-05
57	6.4121927608e-05
58	6.6803833761e-05
59	6.0708593992e-05
60	1.9919245369e-04
61	7.1923836003e-05
62	7.3142883593e-05
63	9.1428604719e-05
64	7.9481933426e-05
65	2.2918103605e-04
66	8.9478127848e-05
67	9.2403843155e-05
68	8.8259080258e-05
69	1.0386289523e-04
70	9.8742893897e-05
71	1.6944768049e-04
72	1.1239623200e-04
73	1.2848766619e-04
74	1.2068575870e-04
75	1.2068575870e-04
76	1.4482290953e-04
77	1.3409528765e-04
78	1.3726481211e-04
79	1.4360386194e-04
80	1.6091434463e-04
81	1.7627435045e-04
82	1.5969529613e-04
83	1.7188577749e-04
84	1.8553911559e-04
85	2.0918864811e-04
86	2.7623629103e-04
87	2.4795437639e-04
88	2.0553150443e-04
89	2.0821340968e-04
90	2.2528008230e-04
91	2.3015627539e-04
92	2.4064008812e-04
93	2.5088009170e-04
94	2.5380580701e-04
95	2.4234675584e-04
96	2.6136390443e-04
97	3.0744392188e-04
98	2.9939820433e-04
99	2.8038105484e-04
100	3.0622487338e-04
101	3.2280392770e-04
102	3.4425917329e-04
103	3.3694488502e-04
104	3.3743250424e-04
105	3.5937536904e-04
106	4.7104017267e-04
107	3.5718108302e-04
108	4.2154682160e-04
109	4.0106681354e-04
110	4.8249922384e-04
111	4.0764967343e-04
112	4.3593158807e-04
113	4.4105158941e-04
114	4.4373349556e-04
115	4.5299826070e-04
116	5.5929925202e-04
117	4.9273922832e-04
118	4.9493351435e-04
119	5.0468589870e-04
120	5.1516971234e-04
121	7.2752788492e-04
122	6.5901738344e-04
123	6.1635070142e-04
124	5.6710116041e-04
125	5.8904402431e-04
126	6.9973358950e-04
127	6.0464784019e-04
128	6.8120405922e-04
129	7.2460216961e-04
130	6.7657167619e-04
131	7.1460597519e-04
132	6.6389357562e-04
133	7.8531076360e-04
134	7.5849170571e-04
135	7.3728026928e-04
136	7.4971455979e-04
137	8.1920029970e-04
138	7.9798886327e-04
139	8.2992792250e-04
140	8.5625936026e-04
141	9.7743273818e-04
142	8.2066315736e-04
143	8.4333745144e-04
144	8.9941366241e-04
145	9.7645749975e-04
146	9.4720034667e-04
147	9.5427082488e-04
148	9.7743273818e-04
149	9.7889559584e-04
150	1.0437489536e-03
151	9.9303655315e-04
152	1.0171737058e-03
153	1.0947051614e-03
154	1.0405794283e-03
155	1.1778442404e-03
156	1.3543624000e-03
157	1.2314823553e-03
158	1.1688232844e-03
159	1.2239242578e-03
160	1.5847624845e-03
161	1.2492804562e-03
162	1.2487928370e-03
163	1.3080385734e-03
164	1.2500118855e-03
165	1.3755738364e-03
166	1.3116957180e-03
167	2.0938369562e-03
168	1.4211662346e-03
169	1.4887014968e-03
170	1.4967472143e-03
171	1.6679015625e-03
172	1.5118634101e-03
173	1.5125948385e-03
174	1.6018291572e-03
175	1.6259663089e-03
176	1.7005720501e-03
177	1.6237720229e-03
178	1.7442139715e-03
179	2.7728467285e-03
180	1.7422634937e-03
181	2.3288694229e-03
182	1.9719321490e-03
183	2.2276884338e-03
184	1.8600235371e-03
185	2.2179360494e-03
186	1.8907435488e-03
187	1.9302407054e-03
188	1.9819283434e-03
189	1.9948502531e-03
190	2.1898979439e-03
191	2.1074902943e-03
192	2.5485418837e-03
193	2.5582942690e-03
194	2.3137532271e-03
195	2.2130598572e-03
196	2.7101876576e-03
197	4.5294949896e-03
198	2.2986370304e-03
199	2.3783627739e-03
200	2.4646713782e-03
201	2.5283056866e-03
202	2.4753990010e-03
203	2.3756808696e-03
204	2.5609761751e-03
205	2.6155895275e-03
206	2.4966104365e-03
207	2.5275742573e-03
208	2.5492733130e-03
209	2.7640695826e-03
210	2.8496467567e-03
211	2.7689457747e-03
212	2.7389571915e-03
213	2.8416010391e-03
214	3.0795592220e-03
215	2.9947134753e-03
216	2.8762220045e-03
217	2.9115743973e-03
218	2.9449763151e-03
219	2.9615553685e-03
220	3.1846411648e-03
221	3.2811897718e-03
222	3.2482754741e-03
223	3.3848088569e-03
224	3.4481993562e-03
225	3.2648545275e-03
226	4.1106300750e-03
227	3.5540127283e-03
228	3.8014794854e-03
229	3.5403593902e-03
230	3.6376394255e-03
231	3.6773803922e-03
232	3.7012737348e-03
233	3.8946147579e-03
234	3.9450833474e-03
235	3.9409385836e-03
236	3.9626376392e-03
237	3.9458147758e-03
238	4.0711329175e-03
239	4.1413500867e-03
240	4.3083596711e-03
241	4.1886491508e-03
242	4.7701350777e-03
243	4.2069348719e-03
244	4.5353464211e-03
245	4.4878035460e-03
246	4.4439178155e-03
247	4.5580207152e-03
248	4.8978913146e-03
249	5.4147676947e-03
250	4.9568932418e-03
251	5.9038497775e-03
252	6.1500974871e-03
253	4.8547370134e-03
254	6.3212518362e-03
255	4.9534799073e-03
256	1.1578518520e-02
257	5.3001771767e-03
258	5.3679562488e-03
259	5.1897314215e-03
260	5.4379296080e-03
261	5.7924287848e-03
262	5.5981125233e-03
263	5.2426381080e-03
264	5.9470040796e-03
265	5.5954306181e-03
266	5.8055945046e-03
267	5.9935717154e-03
268	6.2507908578e-03
269	6.8227682095e-03
270	6.4697318894e-03
271	6.7861967673e-03
272	6.3568480391e-03
273	6.6950119726e-03
274	7.3020979089e-03
275	7.9691610090e-03
276	6.4017090081e-03
277	7.3228217252e-03
278	6.8766501345e-03
279	6.7652291409e-03
280	6.5484823945e-03
281	6.9419911097e-03
282	6.9541815910e-03
283	7.1409397542e-03
284	7.5249398951e-03
285	7.4756903532e-03
286	7.5129932238e-03
287	8.4753097663e-03
288	7.4732522562e-03
289	7.6895113834e-03
290	8.1010620106e-03
291	7.6960942433e-03
292	7.7882542764e-03
293	7.5612675273e-03
294	8.1534810770e-03
295	7.4274160497e-03
296	8.0486429433e-03
297	8.2093134779e-03
298	8.2197972924e-03
299	7.9923229223e-03
300	8.3273173314e-03
301	8.1261744008e-03
302	8.3531611499e-03
303	8.9768261405e-03
304	7.9301514725e-03
305	9.2113709879e-03
306	9.7370245130e-03
307	8.5472336023e-03
308	9.4022739149e-03
309	8.4884754851e-03
310	9.5024796656e-03
311	8.7037593730e-03
312	8.6330545855e-03
313	1.0149062759e-02
314	9.3115767395e-03
315	9.2784186309e-03
316	9.7528721381e-03
317	1.0331188540e-02
318	1.0925596377e-02
319	1.0505024795e-02
320	9.8501521734e-03
321	1.0097618931e-02
322	1.0965337344e-02
323	1.0259996133e-02
324	1.1018000219e-02
325	1.1718952857e-02
326	1.0811493477e-02
327	1.0369954269e-02
328	1.0888049696e-02
329	1.1911562451e-02
330	1.1135516454e-02
331	1.3871060311e-02
332	1.1370792729e-02
333	1.2308728312e-02
334	1.0850259207e-02
335	1.0958998293e-02
336	1.1912537690e-02
337	1.1572179470e-02
338	1.1756255728e-02
339	1.1741139532e-02
340	1.1515371831e-02
341	1.2790739916e-02
342	1.2770991337e-02
343	1.3924454616e-02
344	1.2346031182e-02
345	1.3136218137e-02
346	1.2498168380e-02
347	1.3179616249e-02
348	1.2642016052e-02
349	1.2263135914e-02
350	1.4029292750e-02
351	1.3664553569e-02
352	1.4228485204e-02
353	1.3655776423e-02
354	1.4773643498e-02
355	1.3765003129e-02
356	1.4641986308e-02
357	1.4245308067e-02
358	1.3646024038e-02
359	1.4114138495e-02
360	1.4163144227e-02
361	1.3917871756e-02
362	1.4844835905e-02
363	1.6119716372e-02
364	1.5524333297e-02
365	1.6628790843e-02
366	1.4244332829e-02
367	1.5537742825e-02
368	1.5519944724e-02
369	1.5420714211e-02
370	1.5470451372e-02
371	1.5408279921e-02
372	1.5457285653e-02
373	1.6228943077e-02
374	1.6780440423e-02
375	1.6750208030e-02
376	1.6967930014e-02
377	1.7531130221e-02
378	1.6987434784e-02
379	1.7576234999e-02
380	1.6970368111e-02
381	2.3372564739e-02
382	1.7007427173e-02
383	1.7852471291e-02
384	2.4481654668e-02
385	1.7034002421e-02
386	1.7491633063e-02
387	1.7780547455e-02
388	1.8595359182e-02
389	1.7044973853e-02
390	2.2084762362e-02
391	1.9534513811e-02
392	1.8466871516e-02
393	1.9121744136e-02
394	1.8977896464e-02
395	2.1801211782e-02
396	2.0210597867e-02
397	2.0809881897e-02
398	2.0771116167e-02
399	1.9772715803e-02
400	2.0192312146e-02
401	2.0850841911e-02
402	2.1335291612e-02
403	2.1115375342e-02
404	2.0066506387e-02
405	1.9639108134e-02
406	2.0717721862e-02
407	2.0989325771e-02
408	2.2291756723e-02
409	2.0666034225e-02
410	2.1453051656e-02
411	2.2958088396e-02
412	2.2765478802e-02
413	2.3049273192e-02
414	2.3788016319e-02
415	2.2653570190e-02
416	2.4736923332e-02
417	2.1515466916e-02
418	2.4602828044e-02
419	2.3835315384e-02
420	2.3720968675e-02
421	2.1861676566e-02
422	2.3511536217e-02
423	2.3680008660e-02
424	2.4525784208e-02
425	2.2678682580e-02
426	2.3922355415e-02
427	2.4030363074e-02
428	2.6556718284e-02
429	2.4583567087e-02
430	2.4067422135e-02
431	2.6165160045e-02
432	2.6220748637e-02
433	2.4546264215e-02
434	2.6605967825e-02
435	2.7435895748e-02
436	2.6905366030e-02
437	2.7431263366e-02
438	2.6837830767e-02
439	2.8112467424e-02
440	2.6304375335e-02
441	2.7478074810e-02
442	2.9139149704e-02
443	2.8490128514e-02
444	2.8683713347e-02
445	3.0008574784e-02
446	2.7935949264e-02
447	2.7541465310e-02
448	3.1288331443e-02
449	2.9707226103e-02
450	3.0692704559e-02
451	2.8935324868e-02
452	3.1988308841e-02
453	3.0187287231e-02
454	2.8398943719e-02
455	3.3139577834e-02
456	2.9501694598e-02
457	3.1682083967e-02
458	3.1518000098e-02
459	3.1343920034e-02
460	3.0768773157e-02
461	3.5831235961e-02
462	3.3809810460e-02
463	3.9753157395e-02
464	3.9733408817e-02
465	3.4028507683e-02
466	3.2368408029e-02
467	3.1976362170e-02
468	3.7150002158e-02
469	3.4473460227e-02
470	3.5258770989e-02
471	3.3465063668e-02
472	3.5108340458e-02
473	3.2745825310e-02
474	3.5022763284e-02
475	3.3676446602e-02
476	3.6281796126e-02
477	3.5278763378e-02
478	3.5628386364e-02
479	3.6505125731e-02
480	3.6955929706e-02
481	3.4041917212e-02
482	3.7507427051e-02
483	3.4899883240e-02
484	3.7140737392e-02
485	3.4700934595e-02
486	3.6129171308e-02
487	3.6860600147e-02
488	3.7897766241e-02
489	3.9982582241e-02
490	3.6819883941e-02
491	3.8224471122e-02
492	3.7097339282e-02
493	3.7832181455e-02
494	3.7957743406e-02
495	4.3514164486e-02
496	4.0412418589e-02
497	3.9884570777e-02
498	4.1539062810e-02
499	4.3801616019e-02
500	3.9525926836e-02
501	4.3406156827e-02
502	3.7194619316e-02
503	4.2582080335e-02
504	4.2715444193e-02
505	4.1321340826e-02
506	4.3051413840e-02
507	4.4233402844e-02
508	4.4992138359e-02
509	4.4777829708e-02
510	4.5188892717e-02
511	4.4039818011e-02
512	7.1940902501e-02
513	4.7045990538e-02
514	4.8106562355e-02
515	4.2430186946e-02
516	4.6867278092e-02
517	4.6169738789e-02
518	4.5277151797e-02
519	4.8163613805e-02
520	4.3520259726e-02
521	5.0087515460e-02
522	4.5706500526e-02
523	6.3095733551e-02
524	4.8561754902e-02
525	4.7428771631e-02
526	4.5304946092e-02
527	4.5503407117e-02
528	4.6723674231e-02
529	4.7921267050e-02
530	5.1275599704e-02
531	4.9257343729e-02
532	5.0895500518e-02
533	4.7451202116e-02
534	4.9197610373e-02
535	5.1712506531e-02
536	5.0302067920e-02
537	5.0436894636e-02
538	4.6507902723e-02
539	5.0501504184e-02
540	5.2216217192e-02
541	5.6572119737e-02
542	5.5815090888e-02
543	5.3755387278e-02
544	5.0514913713e-02
545	4.8829214048e-02
546	6.5694987835e-02
547	5.1658624607e-02
548	5.2352506765e-02
549	5.3439410020e-02
550	5.3794884436e-02
551	5.7326222870e-02
552	5.6314412976e-02
553	5.2635325917e-02
554	5.1688856998e-02
555	5.2981047947e-02
556	5.6219327227e-02
557	5.5112675394e-02
558	5.4786945750e-02
559	5.9876715231e-02
560	5.9745301850e-02
561	5.8028882175e-02
562	5.9934010490e-02
563	5.9866475227e-02
564	5.8629872870e-02
565	8.3263177117e-02
566	5.8375335634e-02
567	5.7345483830e-02
568	6.1850110239e-02
569	5.6298809161e-02
570	5.8837111041e-02
571	5.7183350437e-02
572	5.8272447977e-02
573	6.2984800177e-02
574	6.0816113670e-02
575	6.4483010248e-02
576	7.4387775776e-02
577	6.3108167841e-02
578	6.5481654424e-02
579	6.0403343995e-02
580	6.9110272894e-02
581	7.0774273502e-02
582	6.3154247859e-02
583	6.4942835180e-02
584	6.7459438004e-02
585	6.4111932018e-02
586	6.6462744307e-02
587	6.7215628391e-02
588	6.4851894193e-02
589	7.1954555839e-02
590	6.3858126211e-02
591	6.7989480102e-02
592	6.6243803274e-02
593	6.9385046328e-02
594	6.9884368415e-02
595	6.4903338021e-02
596	6.9564734012e-02
597	6.9437221585e-02
598	7.4053756607e-02
599	7.1713428131e-02
600	7.0460734340e-02
601	7.1592254753e-02
602	7.1224346048e-02
603	6.9227301507e-02
604	7.3310381096e-02
605	7.0476094345e-02
606	6.7050081664e-02
607	7.7820858936e-02
608	7.3884796544e-02
609	7.4510655821e-02
610	7.8380158189e-02
611	7.4147135688e-02
612	7.2176422586e-02
613	7.8924585054e-02
614	7.1921885350e-02
615	7.6382382220e-02
616	7.9506070982e-02
617	7.8300676255e-02
618	7.8788539290e-02
619	7.8322862930e-02
620	7.6927296705e-02
621	8.3847588759e-02
622	7.8051015211e-02
623	7.9202771823e-02
624	7.9932250184e-02
625	7.8960668878e-02
626	8.1475321225e-02
627	7.9682345331e-02
628	8.4806979587e-02
629	8.2162376714e-02
630	9.5735257869e-02
631	8.0768760967e-02
632	8.5380175987e-02
633	8.8148146522e-02
634	8.3669120123e-02
635	8.6330545858e-02
636	8.3943649747e-02
637	9.1829184059e-02
638	8.4316190835e-02
639	8.5475993164e-02
640	1.1241671159e-01
641	9.1675584003e-02
642	8.7312123360e-02
643	8.7246294764e-02
644	8.8193007491e-02
645	8.8864946785e-02
646	8.8212512261e-02
647	8.8304184675e-02
648	8.9122409736e-02
649	9.4262160187e-02
650	9.1057282825e-02
651	1.0258411371e-01
652	9.3547798021e-02
653	1.0508048033e-01
654	1.0106932458e-01
655	9.8262344508e-02
656	1.0024695476e-01
657	9.5502419688e-02
658	9.5523874935e-02
659	8.9749488061e-02
660	9.8645369409e-02
661	9.0861503706e-02
662	1.0755978029e-01
663	9.8502740786e-02
664	1.0277989283e-01
665	9.3951546741e-02
666	1.0254656703e-01
667	1.0359421693e-01
668	9.7135212666e-02
669	9.8160919708e-02
670	1.0069751492e-01
671	9.9577941179e-02
672	1.0773849273e-01
673	1.0338600352e-01
674	1.2783986390e-01
675	9.7316850828e-02
676	1.0257289846e-01
677	1.0180367914e-01
678	1.1074734717e-01
679	1.0411426284e-01
680	1.0148185045e-01
681	1.1370768349e-01
682	1.0309489485e-01
683	1.0956243245e-01
684	1.2316749647e-01
685	1.1183400661e-01
686	1.0388654466e-01
687	1.0214233069e-01
688	1.2560998118e-01
689	1.1603143291e-01
690	1.0800863379e-01
691	1.1914390643e-01
692	1.3165060815e-01
693	1.0863936925e-01
694	1.1261590404e-01
695	1.3049933915e-01
696	1.1546750128e-01
697	1.1223556105e-01
698	1.0642362749e-01
699	1.3055956013e-01
700	1.2250896671e-01
701	1.1885938061e-01
702	1.3025187240e-01
703	1.3381222418e-01
704	1.4882090014e-01
705	1.1694523134e-01
706	1.2023714873e-01
707	1.3547110478e-01
708	1.2049290502e-01
709	1.1611481580e-01
710	1.4829158947e-01
711	1.2513552767e-01
712	1.1597169956e-01
713	1.1792900313e-01
714	1.3138607472e-01
715	1.4216148437e-01
716	1.2168635307e-01
717	1.4120721355e-01
718	1.4923123172e-01
719	1.3557472387e-01
720	1.3148116047e-01
721	1.4050552948e-01
722	1.5061192556e-01
723	1.3852311352e-01
724	1.3438810248e-01
725	1.3287965240e-01
726	1.3681864051e-01
727	1.3815666767e-01
728	1.3473431213e-01
729	1.3150554143e-01
730	1.6718122686e-01
731	1.4153294319e-01
732	1.4874068678e-01
733	1.3596750115e-01
734	1.5977746034e-01
735	1.4301457421e-01
736	1.6296161388e-01
737	1.5879807712e-01
738	1.6079195214e-01
739	1.4881480490e-01
740	1.4657858313e-01
741	1.5819221023e-01
742	1.5894460670e-01
743	1.6050571965e-01
744	1.5544471971e-01
745	1.6192322874e-01
746	1.3578488775e-01
747	1.5599524181e-01
748	1.8221233330e-01
749	1.7235681732e-01
750	1.6373010178e-01
751	1.7358098539e-01
752	1.5503950813e-01
753	1.6524318424e-01
754	1.8150650447e-01
755	1.9092779554e-01
756	1.9860731073e-01
757	1.8846995083e-01
758	1.7289246704e-01
759	1.8097816904e-01
760	1.8637562626e-01
761	1.7750875825e-01
762	2.0123874788e-01
763	1.9079784502e-01
764	1.9570329443e-01
765	2.0673738608e-01
766	1.8580974414e-01
767	1.7610831583e-01
768	2.5348836699e-01
769	1.8058392890e-01
770	2.0790791603e-01
771	2.3843897482e-01
772	1.8792089158e-01
773	1.9133105664e-01
774	2.0358322112e-01
775	2.2509234899e-01
776	2.0274646653e-01
777	2.0397185364e-01
778	1.7714840764e-01
779	2.0183656905e-01
780	1.8659676157e-01
781	2.0423394898e-01
782	1.9323911067e-01
783	2.0755853686e-01
784	2.2059186734e-01
785	2.0562951520e-01
786	2.4563916031e-01
787	2.1269999398e-01
788	1.9253523232e-01
789	1.9897351277e-01
790	1.9913662140e-01
791	2.3467284773e-01
792	2.1833979795e-01
793	2.3696977809e-01
794	2.1528778921e-01
795	2.2719740118e-01
796	2.3271286225e-01
797	2.1533460066e-01
798	2.3038423664e-01
799	2.1010512827e-01
800	2.3121684646e-01
801	2.4055572988e-01
812	2.3587873007e-01
823	2.8619030657e-01
834	2.7245017202e-01
845	2.7260694160e-01
856	2.6085239254e-01
867	2.9095922260e-01
878	3.2696892720e-01
889	2.9382691127e-01
900	3.2247112746e-01
911	3.5356636168e-01
922	3.6635637017e-01
933	3.8098567838e-01
944	4.6855721517e-01
955	4.8489952972e-01
966	4.5340639820e-01
977	5.5108359963e-01
988	5.1410109468e-01
999	7.1433315267e-01
1010	5.7096237262e-01
1021	5.3255333762e-01
1032	1.1574851624e+00
1043	5.8182677278e-01
1054	5.6120608715e-01
1065	6.9065094972e-01
1076	6.5889816097e-01
1087	6.7862382152e-01
1098	6.6092251219e-01
1109	7.0528586555e-01
1120	8.8674238906e-01
1131	7.9875735116e-01
1142	8.0900832634e-01
1153	7.4599256234e-01
1164	8.2155233093e-01
1175	8.5056640630e-01
1186	9.4224125888e-01
1197	1.1575590367e+00
1208	9.2678177894e-01
1219	1.0088088413e+00
1230	1.0032039021e+00
1241	9.3578859366e-01
1252	1.2369278428e+00
1263	1.1712701579e+00
1274	1.1750253135e+00
1285	1.4700590824e+00
1296	1.2153304559e+00
1307	1.4345213932e+00
1318	1.2633687516e+00
1329	1.2336917578e+00
1340	1.3010385558e+00
1351	1.4133167835e+00
1362	1.9837249769e+00
1373	1.5015292958e+00
1384	1.7367760714e+00
1395	1.5139377422e+00
1406	2.2711206782e+00
1417	1.8787395823e+00
1428	1.9342484483e+00
1439	1.8004913251e+00
1450	1.8147251741e+00
1461	2.5269386460e+00
1472	2.4597747053e+00
1483	2.1121246277e+00
1494	2.3200566809e+00
1505	2.5843567851e+00
1516	2.6421506348e+00
1527	2.6579963092e+00
1538	2.7950168241e+00
1549	2.9248325211e+00
1560	2.8021694667e+00
1571	3.2461650576e+00
1582	3.4536614231e+00
1593	3.5109652154e+00
1604	3.5784712211e+00
1615	3.6876257600e+00
1626	4.1855759307e+00
1637	4.0534213681e+00
1648	4.4036572905e+00
1659	4.3321479310e+00
1670	4.6629536901e+00
1681	4.8721803723e+00
1692	4.7128851674e+00
1703	5.0883246647e+00
1714	5.1439898127e+00
1725	5.3786904547e+00
1736	5.4013189125e+00
1747	5.6969200263e+00
1758	5.4980940184e+00
1769	5.9945730418e+00
1780	5.9289099930e+00
1791	5.9096309917e+00
